-1.2667 -0.7467
-1.2139 -0.80055
-1.1611 -0.8544
-1.10835 -0.9083
-1.0556 -0.9622
-1.0028 -1.0161
-0.95 -1.07
-0.86665 -1.07
-0.7333 -1.07
-0.6 -1.07
-0.4667 -1.07
-0.33335 -1.07
-0.2 -1.07
-0.06665 -1.07
0.0667 -1.07
0.2 -1.07
0.3333 -1.07
0.46665 -1.07
0.6 -1.07
0.73335 -1.07
0.8667 -1.07
1 -1.07
1.1333 -1.07
1.26665 -1.06
1.4 -1.040
1.4564 -1.02585
1.5128 -1.0197
1.568 -1.00705
1.6232 -0.9944
1.6762 -0.9746
1.7292 -0.9548
1.77915 -0.9281
1.8291 -0.9014
1.875 -0.8653
1.9209 -0.8302
1.96205 -0.79625
2.0032 -0.7523
2.0388 -0.7033
2.0744 -0.6593
2.1038 -0.6109
2.1332 -0.563
2.15595 -0.51
2.1787 -0.45
2.19435 -0.40
2.21 -0.295
2.21 -0.1778
2.21 0.0444
2.21 0.26665
2.21 0.4889
2.21 0.7111
2.21 0.9333
2.21 1.15555
2.21 1.3778
2.21 1.6
2.21 1.8222
2.21 2.04445
2.21 2.2667
2.21 2.4889
2.21 2.7111
2.21 2.93335
2.21 3.1556
2.21 3.3778
2.21 3.6
2.21 3.6
2.21 3.6
2.21 3.6571
2.21 3.7142
2.21 3.7715
2.21 3.8288
2.20 3.8848
2.183 3.9408
2.160 3.9939
2.130 4.047
2.095 4.0958
2.06 4.1446
2.025 4.18765
1.975 4.2307
1.935 4.2619
1.875 4.3031
1.833 4.3214
1.789 4.340
1.756 4.348
1.702 4.361
1.65645 4.369
1.6 4.379
1.45555 4.384
1.3111 4.394
1.16665 4.404
1.0222 4.409
0.87775 4.414
0.7333 4.422
0.58885 4.42
0.4444 4.42
0.3 4.42
0.1556 4.42
0.01115 4.42
-0.1333 4.42
-0.27775 4.42
-0.4222 4.42
-0.56665 4.42
-0.7111 4.42
-0.85555 4.42
-1 4.42
-1 4.42
-1 4.42
-1.0643 4.41745
-1.1286 4.4149
-1.19195 4.4037
-1.2553 4.3925
-1.3166 4.37285
-1.3779 4.3532
-1.43595 4.32545
-1.494 4.2977
-1.5478 4.2624
-1.6016 4.2271
-1.65015 4.18485
-1.6987 4.1426
-1.7411 4.09415
-1.7835 4.0457
-1.819 3.99205
-1.8545 3.9384
-1.8824 3.8804
-1.9103 3.8224
-1.93015 3.7612
-1.935 3.7
-1.95 3.4889
-1.95 3.2778
-1.95 3.0667
-1.95 2.8556
-1.95 2.64445
-1.95 2.4333
-1.95 2.2222
-1.95 2.0111
-1.95 1.8
-1.95 1.5889
-1.95 1.3778
-1.95 1.1667
-1.95 0.95555
-1.95 0.7444
-1.95 0.5333
-1.95 0.3222
-1.95 0.1111
-1.90 -0.1
-1.8472 -0.1539
-1.7944 -0.2078
-1.74165 -0.2617
-1.6889 -0.3156
-1.6361 -0.36945
-1.5833 -0.4233
-1.53055 -0.4772
-1.4778 -0.5311
-1.425 -0.585
-1.3722 -0.6389
-1.2667 -0.7467
